$ANSIBLE_VAULT;1.1;AES256
31336231633661663764326338313234343633313437656562313938333130303038343664303565
3635383262623939646334383432633865613463623036650a303231393061333338316230623535
64396231346134343938313133653932366264646434643966306133653630353763326532333234
3961633361313037610a393533656236316539346636666536356364313138636437623161336130
62336338343763646434626161636338366235616636306164386237386163643639333838623962
64353037303762386134356133383764303336363162393732323632363239383766663838326433
37323666343163326266336234376561363766653234393234363564313061346433366238363861
38363031336233396263356335633433336233633333653034383365303462323465346334323166
64373633343165316133623531613763613066383738376265653631333632386532646339356163
35373464643864656433313231356364323066666339353833666236623434363664353966323136
33656532646434626433343065643762393431356339363134323664616138396135636233616365
37613636643933316330616531393265616133646438613531613031633266306539383139336363
30636139613465363233353332393063353662303361303931323632623831643261626531346135
33333163666634653762303930356236373938356264636235646263373331393866616230613137
66373636656135346165313666613435633862373433373263366334373434636236336334366338
34323430326333393035646134616462303835353332656130363365336565376564386433666634
38613539633561313438623235363361363934336634373862633165336263323031666636656164
38383538616231633664316437393336303135323462323364323437363333646561653633366661
36356263636333663162356464653137643734643339666130623936393761626331656163396236
62653430326431666335306166356336366335363061396330636663323832393061316666663563
66376131633937663534376538663237666531343166633236623039336337346161326331306630
3639636436656164663161633938393636653634383164653366
