$ANSIBLE_VAULT;1.1;AES256
36613131363035323262663563333061386236396633363435626262636465613863633363303431
3737356132383965366131306661646233323034383539650a666633343435626562663537396233
36656462623330666539623432643733633932633566326261613131316164366162623037336236
3063646132623839330a383539653062343839613836333036343536303432303563633033323232
32373765393162343363623031633062373737303530613938393362663837303263333033313962
32356238373063666339353039653434343432663932363462646633363330376663353030646365
65626165333361643563633165316436653632363636616337386231623536393231643535646131
39333437663037366232353133366637303863623133613039383531643764333861343962386561
64363962323164393930643736303535353435396665363937336562643063313039316337386335
31646233383538633730633435656134643364653964386239303637636464623265386239613437
33336239343933363934633532383162383730343534363039383435643337373938303762323033
64363662636662653532383865303166356262653036396334666233343134393032626631646539
38376430333063336632396538383461636433373930663262363862326261396330386166623030
61353464383466323132643364386564313434653662663135323132383066636166383130333337
30313466393638646433363665343533633833393831336435363331323463643632313637646539
30616634393432356663663866393431643564303731343731363266316561393164333564633663
61613565346232666663636565656230656232363636303132666538313966333361363061386265
39656366643833363862393163336630616237313932333964636339313966376161303337343164
66613865313339353564373836613337336530363065613737303566333862383138323161646664
36653232623132353737383634306561363834633336653633653930666638663163653634386532
33613864326238313061393434323433636631323461636366623463376435333130663035666562
66386334663437626165633461373132323239666233313032613061343935333030316233373234
36323432363031663135343534323062376138306533633031626339323135643334653937393462
39396561643536623332333230373131303431343032366463316534633838666137373631663838
64613036636364643532616237636130616563303032366633303037656230613333
